Angles: {Head: 37.55616424802936, LeftArm: 88.48188627089492, RightArm: 90.27367025180419}
Location: [-0.0053942032857142875, 0.7498211344994192, -0.8715225895163086]
Posture:
  BODY: [0.005024500000000001, 0.9085032628729026, -1.3362220043497972]
  HEAD: [-0.000663023, 0.722137600644792, -0.5937250264482565]
  LEFTSHOULDER: [0.212589, 0.901512871218832, -0.8504148203327233]
  LEFTWRIST: [0.0736056, 0.44456654989274, -0.8377569247923087]
  NECK: [0.005024500000000001, 0.9085032628729026, -0.8362220043497973]
  RIGHTSHOULDER: [-0.20254, 0.9154936545269732, -0.8220291883668713]
  RIGHTWRIST: [-0.1308, 0.44803073946679195, -0.8242881579744062]
