Angles: {Head: 44.01814223550386, LeftArm: 76.83908649204109, RightArm: 77.72023245311749}
Location: [0.8487436331965252, -0.022023070586111193, 0.22369652797657866]
Posture:
  BODY: [0.6570607060921265, -0.018548878043467, -0.27496366050579846]
  HEAD: [0.871881411002829, -0.014450785610863874, 0.44738922453996094]
  LEFTSHOULDER: [0.6637704480817398, 0.16041631400340842, 0.22138759561886423]
  LEFTWRIST: [1.229246429446079, -0.04115221447099746, 0.36176111347301687]
  NECK: [0.6570607060921265, -0.018548878043467, 0.22503633949420154]
  RIGHTSHOULDER: [0.6503509641025134, -0.19751407009034241, 0.22868508336953886]
  RIGHTWRIST: [1.2118347675582624, -0.024362981847049013, 0.35657999984626665]
